1.0,0.5,+0
1.0,0.5,+0.225
1.0,0.5,+0.45
1.0,0.5,+0.675
1.0,0.5,+0.9
1.0,0.5,+1.125
1.0,0.5,+1.35
1.0,0.5,+1.575
1.0,0.5,+1.8
1.0,0.5,+2.025
1.0,0.5,+2.25
1.0,0.5,+2.475
1.0,0.5,+2.7
1.0,0.5,+2.925
1.0,0.5,+3.15
1.0,0.5,+3.375
1.0,0.5,+3.6
1.0,0.5,+3.825
1.0,0.5,+4.05
1.0,0.5,+4.275
1.0,0.5,+4.5
1.0,0.5,+4.725
1.0,0.5,+4.95
1.0,0.5,+5.175
1.0,0.5,+5.4
1.0,0.5,+5.625
1.0,0.5,+5.85
1.0,0.5,+6.075
1.0,0.5,+6.3
1.0,0.5,+6.525
1.0,0.5,+6.75
1.0,0.5,+6.975
1.0,0.5,+7.2
1.0,0.5,+7.425
1.0,0.5,+7.65
1.0,0.5,+7.875
1.0,0.5,+8.1
1.0,0.5,+8.325
1.0,0.5,+8.55
1.0,0.5,+8.775
1.0,0.5,+9
1.0,0.5,+9.225
1.0,0.5,+9.45
1.0,0.5,+9.675
1.0,0.5,+9.9
1.0,0.5,+10.125
1.0,0.5,+10.35
1.0,0.5,+10.575
1.0,0.5,+10.8
1.0,0.5,+11.025
1.0,0.5,+11.25
1.0,0.5,+11.475
1.0,0.5,+11.7
1.0,0.5,+11.925
1.0,0.5,+12.15
1.0,0.5,+12.375
1.0,0.5,+12.6
1.0,0.5,+12.825
1.0,0.5,+13.05
1.0,0.5,+13.275
1.0,0.5,+13.5
1.0,0.5,+13.725
1.0,0.5,+13.95
1.0,0.5,+14.175
1.0,0.5,+14.4
1.0,0.5,+14.625
1.0,0.5,+14.85
1.0,0.5,+15.075
1.0,0.5,+15.3
1.0,0.5,+15.525
1.0,0.5,+15.75
1.0,0.5,+15.975
1.0,0.5,+16.2
1.0,0.5,+16.425
1.0,0.5,+16.65
1.0,0.5,+16.875
1.0,0.5,+17.1
1.0,0.5,+17.325
1.0,0.5,+17.55
1.0,0.5,+17.775
1.0,0.5,+18
1.0,0.5,+18.225
1.0,0.5,+18.45
1.0,0.5,+18.675
1.0,0.5,+18.9
1.0,0.5,+19.125
1.0,0.5,+19.35
1.0,0.5,+19.575
1.0,0.5,+19.8
1.0,0.5,+20.025
1.0,0.5,+20.25
1.0,0.5,+20.475
1.0,0.5,+20.7
1.0,0.5,+20.925
1.0,0.5,+21.15
1.0,0.5,+21.375
1.0,0.5,+21.6
1.0,0.5,+21.825
1.0,0.5,+22.05
1.0,0.5,+22.275
1.0,0.5,+22.5
1.0,0.5,+22.725
1.0,0.5,+22.95
1.0,0.5,+23.175
1.0,0.5,+23.4
1.0,0.5,+23.625
1.0,0.5,+23.85
1.0,0.5,+24.075
1.0,0.5,+24.3
1.0,0.5,+24.525
1.0,0.5,+24.75
1.0,0.5,+24.975
1.0,0.5,+25.2
1.0,0.5,+25.425
1.0,0.5,+25.65
1.0,0.5,+25.875
1.0,0.5,+26.1
1.0,0.5,+26.325
1.0,0.5,+26.55
1.0,0.5,+26.775
1.0,0.5,+27
1.0,0.5,+27.225
1.0,0.5,+27.45
1.0,0.5,+27.675
1.0,0.5,+27.9
1.0,0.5,+28.125
1.0,0.5,+28.35
1.0,0.5,+28.575
1.0,0.5,+28.8
1.0,0.5,+29.025
1.0,0.5,+29.25
1.0,0.5,+29.475
1.0,0.5,+29.7
1.0,0.5,+29.925
1.0,0.5,+30.15
1.0,0.5,+30.375
1.0,0.5,+30.6
1.0,0.5,+30.825
1.0,0.5,+31.05
1.0,0.5,+31.275
1.0,0.5,+31.5
1.0,0.5,+31.725
1.0,0.5,+31.95
1.0,0.5,+32.175
1.0,0.5,+32.4
1.0,0.5,+32.625
1.0,0.5,+32.85
1.0,0.5,+33.075
1.0,0.5,+33.3
1.0,0.5,+33.525
1.0,0.5,+33.75
1.0,0.5,+33.975
1.0,0.5,+34.2
1.0,0.5,+34.425
1.0,0.5,+34.65
1.0,0.5,+34.875
1.0,0.5,+35.1
1.0,0.5,+35.325
1.0,0.5,+35.55
1.0,0.5,+35.775
1.0,0.5,+36
1.0,0.5,+36.225
1.0,0.5,+36.45
1.0,0.5,+36.675
1.0,0.5,+36.9
1.0,0.5,+37.125
1.0,0.5,+37.35
1.0,0.5,+37.575
1.0,0.5,+37.8
1.0,0.5,+38.025
1.0,0.5,+38.25
1.0,0.5,+38.475
1.0,0.5,+38.7
1.0,0.5,+38.925
1.0,0.5,+39.15
1.0,0.5,+39.375
1.0,0.5,+39.6
1.0,0.5,+39.825
1.0,0.5,+40.05
1.0,0.5,+40.275
1.0,0.5,+40.5
1.0,0.5,+40.725
1.0,0.5,+40.95
1.0,0.5,+41.175
1.0,0.5,+41.4
1.0,0.5,+41.625
1.0,0.5,+41.85
1.0,0.5,+42.075
1.0,0.5,+42.3
1.0,0.5,+42.525
1.0,0.5,+42.75
1.0,0.5,+42.975
1.0,0.5,+43.2
1.0,0.5,+43.425
1.0,0.5,+43.65
1.0,0.5,+43.875
1.0,0.5,+44.1
1.0,0.5,+44.325
1.0,0.5,+44.55
1.0,0.5,+44.775
1.0,0.5,+45
1.0,0.5,+45.225
1.0,0.5,+45.45
1.0,0.5,+45.675
1.0,0.5,+45.9
1.0,0.5,+46.125
1.0,0.5,+46.35
1.0,0.5,+46.575
1.0,0.5,+46.8
1.0,0.5,+47.025
1.0,0.5,+47.25
1.0,0.5,+47.475
1.0,0.5,+47.7
1.0,0.5,+47.925
1.0,0.5,+48.15
1.0,0.5,+48.375
1.0,0.5,+48.6
1.0,0.5,+48.825
1.0,0.5,+49.05
1.0,0.5,+49.275
1.0,0.5,+49.5
1.0,0.5,+49.725
1.0,0.5,+49.95
1.0,0.5,+50.175
1.0,0.5,+50.4
1.0,0.5,+50.625
1.0,0.5,+50.85
1.0,0.5,+51.075
1.0,0.5,+51.3
1.0,0.5,+51.525
1.0,0.5,+51.75
1.0,0.5,+51.975
1.0,0.5,+52.2
1.0,0.5,+52.425
1.0,0.5,+52.65
1.0,0.5,+52.875
1.0,0.5,+53.1
1.0,0.5,+53.325
1.0,0.5,+53.55
1.0,0.5,+53.775
1.0,0.5,+54
1.0,0.5,+54.225
1.0,0.5,+54.45
1.0,0.5,+54.675
1.0,0.5,+54.9
1.0,0.5,+55.125
1.0,0.5,+55.35
1.0,0.5,+55.575
1.0,0.5,+55.8
1.0,0.5,+56.025
1.0,0.5,+56.25
1.0,0.5,+56.475
1.0,0.5,+56.7
1.0,0.5,+56.925
1.0,0.5,+57.15
1.0,0.5,+57.375
1.0,0.5,+57.6
1.0,0.5,+57.825
1.0,0.5,+58.05
1.0,0.5,+58.275
1.0,0.5,+58.5
1.0,0.5,+58.725
1.0,0.5,+58.95
1.0,0.5,+59.175
1.0,0.5,+59.4
1.0,0.5,+59.625
1.0,0.5,+59.85
1.0,0.5,+60.075
1.0,0.5,+60.3
1.0,0.5,+60.525
1.0,0.5,+60.75
1.0,0.5,+60.975
1.0,0.5,+61.2
1.0,0.5,+61.425
1.0,0.5,+61.65
1.0,0.5,+61.875
1.0,0.5,+62.1
1.0,0.5,+62.325
1.0,0.5,+62.55
1.0,0.5,+62.775
1.0,0.5,+63
1.0,0.5,+63.225
1.0,0.5,+63.45
1.0,0.5,+63.675
1.0,0.5,+63.9
1.0,0.5,+64.125
1.0,0.5,+64.35
1.0,0.5,+64.575
1.0,0.5,+64.8
1.0,0.5,+65.025
1.0,0.5,+65.25
1.0,0.5,+65.475
1.0,0.5,+65.7
1.0,0.5,+65.925
1.0,0.5,+66.15
1.0,0.5,+66.375
1.0,0.5,+66.6
1.0,0.5,+66.825
1.0,0.5,+67.05
1.0,0.5,+67.275
1.0,0.5,+67.5
1.0,0.5,+67.725
1.0,0.5,+67.95
1.0,0.5,+68.175
1.0,0.5,+68.4
1.0,0.5,+68.625
1.0,0.5,+68.85
1.0,0.5,+69.075
1.0,0.5,+69.3
1.0,0.5,+69.525
1.0,0.5,+69.75
1.0,0.5,+69.975
1.0,0.5,+70.2
1.0,0.5,+70.425
1.0,0.5,+70.65
1.0,0.5,+70.875
1.0,0.5,+71.1
1.0,0.5,+71.325
1.0,0.5,+71.55
1.0,0.5,+71.775
1.0,0.5,+72
1.0,0.5,+72.225
1.0,0.5,+72.45
1.0,0.5,+72.675
1.0,0.5,+72.9
1.0,0.5,+73.125
1.0,0.5,+73.35
1.0,0.5,+73.575
1.0,0.5,+73.8
1.0,0.5,+74.025
1.0,0.5,+74.25
1.0,0.5,+74.475
1.0,0.5,+74.7
1.0,0.5,+74.925
1.0,0.5,+75.15
1.0,0.5,+75.375
1.0,0.5,+75.6
1.0,0.5,+75.825
1.0,0.5,+76.05
1.0,0.5,+76.275
1.0,0.5,+76.5
1.0,0.5,+76.725
1.0,0.5,+76.95
1.0,0.5,+77.175
1.0,0.5,+77.4
1.0,0.5,+77.625
1.0,0.5,+77.85
1.0,0.5,+78.075
1.0,0.5,+78.3
1.0,0.5,+78.525
1.0,0.5,+78.75
1.0,0.5,+78.975
1.0,0.5,+79.2
1.0,0.5,+79.425
1.0,0.5,+79.65
1.0,0.5,+79.875
1.0,0.5,+80.1
1.0,0.5,+80.325
1.0,0.5,+80.55
1.0,0.5,+80.775
1.0,0.5,+81
1.0,0.5,+81.225
1.0,0.5,+81.45
1.0,0.5,+81.675
1.0,0.5,+81.9
1.0,0.5,+82.125
1.0,0.5,+82.35
1.0,0.5,+82.575
1.0,0.5,+82.8
1.0,0.5,+83.025
1.0,0.5,+83.25
1.0,0.5,+83.475
1.0,0.5,+83.7
1.0,0.5,+83.925
1.0,0.5,+84.15
1.0,0.5,+84.375
1.0,0.5,+84.6
1.0,0.5,+84.825
1.0,0.5,+85.05
1.0,0.5,+85.275
1.0,0.5,+85.5
1.0,0.5,+85.725
1.0,0.5,+85.95
1.0,0.5,+86.175
1.0,0.5,+86.4
1.0,0.5,+86.625
1.0,0.5,+86.85
1.0,0.5,+87.075
1.0,0.5,+87.3
1.0,0.5,+87.525
1.0,0.5,+87.75
1.0,0.5,+87.975
1.0,0.5,+88.2
1.0,0.5,+88.425
1.0,0.5,+88.65
1.0,0.5,+88.875
1.0,0.5,+89.1
1.0,0.5,+89.325
1.0,0.5,+89.55
1.0,0.5,+89.775
1.0,0.5,+90
1.0,0.5,+90.225
1.0,0.5,+90.45
1.0,0.5,+90.675
1.0,0.5,+90.9
1.0,0.5,+91.125
1.0,0.5,+91.35
1.0,0.5,+91.575
1.0,0.5,+91.8
1.0,0.5,+92.025
1.0,0.5,+92.25
1.0,0.5,+92.475
1.0,0.5,+92.7
1.0,0.5,+92.925
1.0,0.5,+93.15
1.0,0.5,+93.375
1.0,0.5,+93.6
1.0,0.5,+93.825
1.0,0.5,+94.05
1.0,0.5,+94.275
1.0,0.5,+94.5
1.0,0.5,+94.725
1.0,0.5,+94.95
1.0,0.5,+95.175
1.0,0.5,+95.4
1.0,0.5,+95.625
1.0,0.5,+95.85
1.0,0.5,+96.075
1.0,0.5,+96.3
1.0,0.5,+96.525
1.0,0.5,+96.75
1.0,0.5,+96.975
1.0,0.5,+97.2
1.0,0.5,+97.425
1.0,0.5,+97.65
1.0,0.5,+97.875
1.0,0.5,+98.1
1.0,0.5,+98.325
1.0,0.5,+98.55
1.0,0.5,+98.775
1.0,0.5,+99
1.0,0.5,+99.225
1.0,0.5,+99.45
1.0,0.5,+99.675
1.0,0.5,+99.9
1.0,0.5,+100.125
1.0,0.5,+100.35
1.0,0.5,+100.575
1.0,0.5,+100.8
1.0,0.5,+101.025
1.0,0.5,+101.25
1.0,0.5,+101.475
1.0,0.5,+101.7
1.0,0.5,+101.925
1.0,0.5,+102.15
1.0,0.5,+102.375
1.0,0.5,+102.6
1.0,0.5,+102.825
1.0,0.5,+103.05
1.0,0.5,+103.275
1.0,0.5,+103.5
1.0,0.5,+103.725
1.0,0.5,+103.95
1.0,0.5,+104.175
1.0,0.5,+104.4
1.0,0.5,+104.625
1.0,0.5,+104.85
1.0,0.5,+105.075
1.0,0.5,+105.3
1.0,0.5,+105.525
1.0,0.5,+105.75
1.0,0.5,+105.975
1.0,0.5,+106.2
1.0,0.5,+106.425
1.0,0.5,+106.65
1.0,0.5,+106.875
1.0,0.5,+107.1
1.0,0.5,+107.325
1.0,0.5,+107.55
1.0,0.5,+107.775
1.0,0.5,+108
1.0,0.5,+108.225
1.0,0.5,+108.45
1.0,0.5,+108.675
1.0,0.5,+108.9
1.0,0.5,+109.125
1.0,0.5,+109.35
1.0,0.5,+109.575
1.0,0.5,+109.8
1.0,0.5,+110.025
1.0,0.5,+110.25
1.0,0.5,+110.475
1.0,0.5,+110.7
1.0,0.5,+110.925
1.0,0.5,+111.15
1.0,0.5,+111.375
1.0,0.5,+111.6
1.0,0.5,+111.825
1.0,0.5,+112.05
1.0,0.5,+112.275
1.0,0.5,+112.5
1.0,0.5,+112.725
1.0,0.5,+112.95
1.0,0.5,+113.175
1.0,0.5,+113.4
1.0,0.5,+113.625
1.0,0.5,+113.85
1.0,0.5,+114.075
1.0,0.5,+114.3
1.0,0.5,+114.525
1.0,0.5,+114.75
1.0,0.5,+114.975
1.0,0.5,+115.2
1.0,0.5,+115.425
1.0,0.5,+115.65
1.0,0.5,+115.875
1.0,0.5,+116.1
1.0,0.5,+116.325
1.0,0.5,+116.55
1.0,0.5,+116.775
1.0,0.5,+117
1.0,0.5,+117.225
1.0,0.5,+117.45
1.0,0.5,+117.675
1.0,0.5,+117.9
1.0,0.5,+118.125
1.0,0.5,+118.35
1.0,0.5,+118.575
1.0,0.5,+118.8
1.0,0.5,+119.025
1.0,0.5,+119.25
1.0,0.5,+119.475
1.0,0.5,+119.7
1.0,0.5,+119.925
1.0,0.5,+120.15
1.0,0.5,+120.375
1.0,0.5,+120.6
1.0,0.5,+120.825
1.0,0.5,+121.05
1.0,0.5,+121.275
1.0,0.5,+121.5
1.0,0.5,+121.725
1.0,0.5,+121.95
1.0,0.5,+122.175
1.0,0.5,+122.4
1.0,0.5,+122.625
1.0,0.5,+122.85
1.0,0.5,+123.075
1.0,0.5,+123.3
1.0,0.5,+123.525
1.0,0.5,+123.75
1.0,0.5,+123.975
1.0,0.5,+124.2
1.0,0.5,+124.425
1.0,0.5,+124.65
1.0,0.5,+124.875
1.0,0.5,+125.1
1.0,0.5,+125.325
1.0,0.5,+125.55
1.0,0.5,+125.775
1.0,0.5,+126
1.0,0.5,+126.225
1.0,0.5,+126.45
1.0,0.5,+126.675
1.0,0.5,+126.9
1.0,0.5,+127.125
1.0,0.5,+127.35
1.0,0.5,+127.575
1.0,0.5,+127.8
1.0,0.5,+128.025
1.0,0.5,+128.25
1.0,0.5,+128.475
1.0,0.5,+128.7
1.0,0.5,+128.925
1.0,0.5,+129.15
1.0,0.5,+129.375
1.0,0.5,+129.6
1.0,0.5,+129.825
1.0,0.5,+130.05
1.0,0.5,+130.275
1.0,0.5,+130.5
1.0,0.5,+130.725
1.0,0.5,+130.95
1.0,0.5,+131.175
1.0,0.5,+131.4
1.0,0.5,+131.625
1.0,0.5,+131.85
1.0,0.5,+132.075
1.0,0.5,+132.3
1.0,0.5,+132.525
1.0,0.5,+132.75
1.0,0.5,+132.975
1.0,0.5,+133.2
1.0,0.5,+133.425
1.0,0.5,+133.65
1.0,0.5,+133.875
1.0,0.5,+134.1
1.0,0.5,+134.325
1.0,0.5,+134.55
1.0,0.5,+134.775
1.0,0.5,+135
1.0,0.5,+135.225
1.0,0.5,+135.45
1.0,0.5,+135.675
1.0,0.5,+135.9
1.0,0.5,+136.125
1.0,0.5,+136.35
1.0,0.5,+136.575
1.0,0.5,+136.8
1.0,0.5,+137.025
1.0,0.5,+137.25
1.0,0.5,+137.475
1.0,0.5,+137.7
1.0,0.5,+137.925
1.0,0.5,+138.15
1.0,0.5,+138.375
1.0,0.5,+138.6
1.0,0.5,+138.825
1.0,0.5,+139.05
1.0,0.5,+139.275
1.0,0.5,+139.5
1.0,0.5,+139.725
1.0,0.5,+139.95
1.0,0.5,+140.175
1.0,0.5,+140.4
1.0,0.5,+140.625
1.0,0.5,+140.85
1.0,0.5,+141.075
1.0,0.5,+141.3
1.0,0.5,+141.525
1.0,0.5,+141.75
1.0,0.5,+141.975
1.0,0.5,+142.2
1.0,0.5,+142.425
1.0,0.5,+142.65
1.0,0.5,+142.875
1.0,0.5,+143.1
1.0,0.5,+143.325
1.0,0.5,+143.55
1.0,0.5,+143.775
1.0,0.5,+144
1.0,0.5,+144.225
1.0,0.5,+144.45
1.0,0.5,+144.675
1.0,0.5,+144.9
1.0,0.5,+145.125
1.0,0.5,+145.35
1.0,0.5,+145.575
1.0,0.5,+145.8
1.0,0.5,+146.025
1.0,0.5,+146.25
1.0,0.5,+146.475
1.0,0.5,+146.7
1.0,0.5,+146.925
1.0,0.5,+147.15
1.0,0.5,+147.375
1.0,0.5,+147.6
1.0,0.5,+147.825
1.0,0.5,+148.05
1.0,0.5,+148.275
1.0,0.5,+148.5
1.0,0.5,+148.725
1.0,0.5,+148.95
1.0,0.5,+149.175
1.0,0.5,+149.4
1.0,0.5,+149.625
1.0,0.5,+149.85
1.0,0.5,+150.075
1.0,0.5,+150.3
1.0,0.5,+150.525
1.0,0.5,+150.75
1.0,0.5,+150.975
1.0,0.5,+151.2
1.0,0.5,+151.425
1.0,0.5,+151.65
1.0,0.5,+151.875
1.0,0.5,+152.1
1.0,0.5,+152.325
1.0,0.5,+152.55
1.0,0.5,+152.775
1.0,0.5,+153
1.0,0.5,+153.225
1.0,0.5,+153.45
1.0,0.5,+153.675
1.0,0.5,+153.9
1.0,0.5,+154.125
1.0,0.5,+154.35
1.0,0.5,+154.575
1.0,0.5,+154.8
1.0,0.5,+155.025
1.0,0.5,+155.25
1.0,0.5,+155.475
1.0,0.5,+155.7
1.0,0.5,+155.925
1.0,0.5,+156.15
1.0,0.5,+156.375
1.0,0.5,+156.6
1.0,0.5,+156.825
1.0,0.5,+157.05
1.0,0.5,+157.275
1.0,0.5,+157.5
1.0,0.5,+157.725
1.0,0.5,+157.95
1.0,0.5,+158.175
1.0,0.5,+158.4
1.0,0.5,+158.625
1.0,0.5,+158.85
1.0,0.5,+159.075
1.0,0.5,+159.3
1.0,0.5,+159.525
1.0,0.5,+159.75
1.0,0.5,+159.975
1.0,0.5,+160.2
1.0,0.5,+160.425
1.0,0.5,+160.65
1.0,0.5,+160.875
1.0,0.5,+161.1
1.0,0.5,+161.325
1.0,0.5,+161.55
1.0,0.5,+161.775
1.0,0.5,+162
1.0,0.5,+162.225
1.0,0.5,+162.45
1.0,0.5,+162.675
1.0,0.5,+162.9
1.0,0.5,+163.125
1.0,0.5,+163.35
1.0,0.5,+163.575
1.0,0.5,+163.8
1.0,0.5,+164.025
1.0,0.5,+164.25
1.0,0.5,+164.475
1.0,0.5,+164.7
1.0,0.5,+164.925
1.0,0.5,+165.15
1.0,0.5,+165.375
1.0,0.5,+165.6
1.0,0.5,+165.825
1.0,0.5,+166.05
1.0,0.5,+166.275
1.0,0.5,+166.5
1.0,0.5,+166.725
1.0,0.5,+166.95
1.0,0.5,+167.175
1.0,0.5,+167.4
1.0,0.5,+167.625
1.0,0.5,+167.85
1.0,0.5,+168.075
1.0,0.5,+168.3
1.0,0.5,+168.525
1.0,0.5,+168.75
1.0,0.5,+168.975
1.0,0.5,+169.2
1.0,0.5,+169.425
1.0,0.5,+169.65
1.0,0.5,+169.875
1.0,0.5,+170.1
1.0,0.5,+170.325
1.0,0.5,+170.55
1.0,0.5,+170.775
1.0,0.5,+171
1.0,0.5,+171.225
1.0,0.5,+171.45
1.0,0.5,+171.675
1.0,0.5,+171.9
1.0,0.5,+172.125
1.0,0.5,+172.35
1.0,0.5,+172.575
1.0,0.5,+172.8
1.0,0.5,+173.025
1.0,0.5,+173.25
1.0,0.5,+173.475
1.0,0.5,+173.7
1.0,0.5,+173.925
1.0,0.5,+174.15
1.0,0.5,+174.375
1.0,0.5,+174.6
1.0,0.5,+174.825
1.0,0.5,+175.05
1.0,0.5,+175.275
1.0,0.5,+175.5
1.0,0.5,+175.725
1.0,0.5,+175.95
1.0,0.5,+176.175
1.0,0.5,+176.4
1.0,0.5,+176.625
1.0,0.5,+176.85
1.0,0.5,+177.075
1.0,0.5,+177.3
1.0,0.5,+177.525
1.0,0.5,+177.75
1.0,0.5,+177.975
1.0,0.5,+178.2
1.0,0.5,+178.425
1.0,0.5,+178.65
1.0,0.5,+178.875
1.0,0.5,+179.1
1.0,0.5,+179.325
1.0,0.5,+179.55
1.0,0.5,+179.775
1.0,0.5,+180
1.0,0.5,+180.225
1.0,0.5,+180.45
1.0,0.5,+180.675
1.0,0.5,+180.9
1.0,0.5,+181.125
1.0,0.5,+181.35
1.0,0.5,+181.575
1.0,0.5,+181.8
1.0,0.5,+182.025
1.0,0.5,+182.25
1.0,0.5,+182.475
1.0,0.5,+182.7
1.0,0.5,+182.925
1.0,0.5,+183.15
1.0,0.5,+183.375
1.0,0.5,+183.6
1.0,0.5,+183.825
1.0,0.5,+184.05
1.0,0.5,+184.275
1.0,0.5,+184.5
1.0,0.5,+184.725
1.0,0.5,+184.95
1.0,0.5,+185.175
1.0,0.5,+185.4
1.0,0.5,+185.625
1.0,0.5,+185.85
1.0,0.5,+186.075
1.0,0.5,+186.3
1.0,0.5,+186.525
1.0,0.5,+186.75
1.0,0.5,+186.975
1.0,0.5,+187.2
1.0,0.5,+187.425
1.0,0.5,+187.65
1.0,0.5,+187.875
1.0,0.5,+188.1
1.0,0.5,+188.325
1.0,0.5,+188.55
1.0,0.5,+188.775
1.0,0.5,+189
1.0,0.5,+189.225
1.0,0.5,+189.45
1.0,0.5,+189.675
1.0,0.5,+189.9
1.0,0.5,+190.125
1.0,0.5,+190.35
1.0,0.5,+190.575
1.0,0.5,+190.8
1.0,0.5,+191.025
1.0,0.5,+191.25
1.0,0.5,+191.475
1.0,0.5,+191.7
1.0,0.5,+191.925
1.0,0.5,+192.15
1.0,0.5,+192.375
1.0,0.5,+192.6
1.0,0.5,+192.825
1.0,0.5,+193.05
1.0,0.5,+193.275
1.0,0.5,+193.5
1.0,0.5,+193.725
1.0,0.5,+193.95
1.0,0.5,+194.175
1.0,0.5,+194.4
1.0,0.5,+194.625
1.0,0.5,+194.85
1.0,0.5,+195.075
1.0,0.5,+195.3
1.0,0.5,+195.525
1.0,0.5,+195.75
1.0,0.5,+195.975
1.0,0.5,+196.2
1.0,0.5,+196.425
1.0,0.5,+196.65
1.0,0.5,+196.875
1.0,0.5,+197.1
1.0,0.5,+197.325
1.0,0.5,+197.55
1.0,0.5,+197.775
1.0,0.5,+198
1.0,0.5,+198.225
1.0,0.5,+198.45
1.0,0.5,+198.675
1.0,0.5,+198.9
1.0,0.5,+199.125
1.0,0.5,+199.35
1.0,0.5,+199.575
1.0,0.5,+199.8
1.0,0.5,+200.025
1.0,0.5,+200.25
1.0,0.5,+200.475
1.0,0.5,+200.7
1.0,0.5,+200.925
1.0,0.5,+201.15
1.0,0.5,+201.375
1.0,0.5,+201.6
1.0,0.5,+201.825
1.0,0.5,+202.05
1.0,0.5,+202.275
1.0,0.5,+202.5
1.0,0.5,+202.725
1.0,0.5,+202.95
1.0,0.5,+203.175
1.0,0.5,+203.4
1.0,0.5,+203.625
1.0,0.5,+203.85
1.0,0.5,+204.075
1.0,0.5,+204.3
1.0,0.5,+204.525
1.0,0.5,+204.75
1.0,0.5,+204.975
1.0,0.5,+205.2
1.0,0.5,+205.425
1.0,0.5,+205.65
1.0,0.5,+205.875
1.0,0.5,+206.1
1.0,0.5,+206.325
1.0,0.5,+206.55
1.0,0.5,+206.775
1.0,0.5,+207
1.0,0.5,+207.225
1.0,0.5,+207.45
1.0,0.5,+207.675
1.0,0.5,+207.9
1.0,0.5,+208.125
1.0,0.5,+208.35
1.0,0.5,+208.575
1.0,0.5,+208.8
1.0,0.5,+209.025
1.0,0.5,+209.25
1.0,0.5,+209.475
1.0,0.5,+209.7
1.0,0.5,+209.925
1.0,0.5,+210.15
1.0,0.5,+210.375
1.0,0.5,+210.6
1.0,0.5,+210.825
1.0,0.5,+211.05
1.0,0.5,+211.275
1.0,0.5,+211.5
1.0,0.5,+211.725
1.0,0.5,+211.95
1.0,0.5,+212.175
1.0,0.5,+212.4
1.0,0.5,+212.625
1.0,0.5,+212.85
1.0,0.5,+213.075
1.0,0.5,+213.3
1.0,0.5,+213.525
1.0,0.5,+213.75
1.0,0.5,+213.975
1.0,0.5,+214.2
1.0,0.5,+214.425
1.0,0.5,+214.65
1.0,0.5,+214.875
1.0,0.5,+215.1
1.0,0.5,+215.325
1.0,0.5,+215.55
1.0,0.5,+215.775
1.0,0.5,+216
1.0,0.5,+216.225
1.0,0.5,+216.45
1.0,0.5,+216.675
1.0,0.5,+216.9
1.0,0.5,+217.125
1.0,0.5,+217.35
1.0,0.5,+217.575
1.0,0.5,+217.8
1.0,0.5,+218.025
1.0,0.5,+218.25
1.0,0.5,+218.475
1.0,0.5,+218.7
1.0,0.5,+218.925
1.0,0.5,+219.15
1.0,0.5,+219.375
1.0,0.5,+219.6
1.0,0.5,+219.825
1.0,0.5,+220.05
1.0,0.5,+220.275
1.0,0.5,+220.5
1.0,0.5,+220.725
1.0,0.5,+220.95
1.0,0.5,+221.175
1.0,0.5,+221.4
1.0,0.5,+221.625
1.0,0.5,+221.85
1.0,0.5,+222.075
1.0,0.5,+222.3
1.0,0.5,+222.525
1.0,0.5,+222.75
1.0,0.5,+222.975
1.0,0.5,+223.2
1.0,0.5,+223.425
1.0,0.5,+223.65
1.0,0.5,+223.875
1.0,0.5,+224.1
1.0,0.5,+224.325
1.0,0.5,+224.55
1.0,0.5,+224.775
1.0,0.5,+225
1.0,0.5,+225.225
1.0,0.5,+225.45
1.0,0.5,+225.675
1.0,0.5,+225.9
1.0,0.5,+226.125
1.0,0.5,+226.35
1.0,0.5,+226.575
1.0,0.5,+226.8
1.0,0.5,+227.025
1.0,0.5,+227.25
1.0,0.5,+227.475
1.0,0.5,+227.7
1.0,0.5,+227.925
1.0,0.5,+228.15
1.0,0.5,+228.375
1.0,0.5,+228.6
1.0,0.5,+228.825
1.0,0.5,+229.05
1.0,0.5,+229.275
1.0,0.5,+229.5
1.0,0.5,+229.725
1.0,0.5,+229.95
1.0,0.5,+230.175
1.0,0.5,+230.4
1.0,0.5,+230.625
1.0,0.5,+230.85
1.0,0.5,+231.075
1.0,0.5,+231.3
1.0,0.5,+231.525
1.0,0.5,+231.75
1.0,0.5,+231.975
1.0,0.5,+232.2
1.0,0.5,+232.425
1.0,0.5,+232.65
1.0,0.5,+232.875
1.0,0.5,+233.1
1.0,0.5,+233.325
1.0,0.5,+233.55
1.0,0.5,+233.775
1.0,0.5,+234
1.0,0.5,+234.225
1.0,0.5,+234.45
1.0,0.5,+234.675
1.0,0.5,+234.9
1.0,0.5,+235.125
1.0,0.5,+235.35
1.0,0.5,+235.575
1.0,0.5,+235.8
1.0,0.5,+236.025
1.0,0.5,+236.25
1.0,0.5,+236.475
1.0,0.5,+236.7
1.0,0.5,+236.925
1.0,0.5,+237.15
1.0,0.5,+237.375
1.0,0.5,+237.6
1.0,0.5,+237.825
1.0,0.5,+238.05
1.0,0.5,+238.275
1.0,0.5,+238.5
1.0,0.5,+238.725
1.0,0.5,+238.95
1.0,0.5,+239.175
1.0,0.5,+239.4
1.0,0.5,+239.625
1.0,0.5,+239.85
1.0,0.5,+240.075
1.0,0.5,+240.3
1.0,0.5,+240.525
1.0,0.5,+240.75
1.0,0.5,+240.975
1.0,0.5,+241.2
1.0,0.5,+241.425
1.0,0.5,+241.65
1.0,0.5,+241.875
1.0,0.5,+242.1
1.0,0.5,+242.325
1.0,0.5,+242.55
1.0,0.5,+242.775
1.0,0.5,+243
1.0,0.5,+243.225
1.0,0.5,+243.45
1.0,0.5,+243.675
1.0,0.5,+243.9
1.0,0.5,+244.125
1.0,0.5,+244.35
1.0,0.5,+244.575
1.0,0.5,+244.8
1.0,0.5,+245.025
1.0,0.5,+245.25
1.0,0.5,+245.475
1.0,0.5,+245.7
1.0,0.5,+245.925
1.0,0.5,+246.15
1.0,0.5,+246.375
1.0,0.5,+246.6
1.0,0.5,+246.825
1.0,0.5,+247.05
1.0,0.5,+247.275
1.0,0.5,+247.5
1.0,0.5,+247.725
1.0,0.5,+247.95
1.0,0.5,+248.175
1.0,0.5,+248.4
1.0,0.5,+248.625
1.0,0.5,+248.85
1.0,0.5,+249.075
1.0,0.5,+249.3
1.0,0.5,+249.525
1.0,0.5,+249.75
1.0,0.5,+249.975
1.0,0.5,+250.2
1.0,0.5,+250.425
1.0,0.5,+250.65
1.0,0.5,+250.875
1.0,0.5,+251.1
1.0,0.5,+251.325
1.0,0.5,+251.55
1.0,0.5,+251.775
1.0,0.5,+252
1.0,0.5,+252.225
1.0,0.5,+252.45
1.0,0.5,+252.675
1.0,0.5,+252.9
1.0,0.5,+253.125
1.0,0.5,+253.35
1.0,0.5,+253.575
1.0,0.5,+253.8
1.0,0.5,+254.025
1.0,0.5,+254.25
1.0,0.5,+254.475
1.0,0.5,+254.7
1.0,0.5,+254.925
1.0,0.5,+255.15
1.0,0.5,+255.375
1.0,0.5,+255.6
1.0,0.5,+255.825
1.0,0.5,+256.05
1.0,0.5,+256.275
1.0,0.5,+256.5
1.0,0.5,+256.725
1.0,0.5,+256.95
1.0,0.5,+257.175
1.0,0.5,+257.4
1.0,0.5,+257.625
1.0,0.5,+257.85
1.0,0.5,+258.075
1.0,0.5,+258.3
1.0,0.5,+258.525
1.0,0.5,+258.75
1.0,0.5,+258.975
1.0,0.5,+259.2
1.0,0.5,+259.425
1.0,0.5,+259.65
1.0,0.5,+259.875
1.0,0.5,+260.1
1.0,0.5,+260.325
1.0,0.5,+260.55
1.0,0.5,+260.775
1.0,0.5,+261
1.0,0.5,+261.225
1.0,0.5,+261.45
1.0,0.5,+261.675
1.0,0.5,+261.9
1.0,0.5,+262.125
1.0,0.5,+262.35
1.0,0.5,+262.575
1.0,0.5,+262.8
1.0,0.5,+263.025
1.0,0.5,+263.25
1.0,0.5,+263.475
1.0,0.5,+263.7
1.0,0.5,+263.925
1.0,0.5,+264.15
1.0,0.5,+264.375
1.0,0.5,+264.6
1.0,0.5,+264.825
1.0,0.5,+265.05
1.0,0.5,+265.275
1.0,0.5,+265.5
1.0,0.5,+265.725
1.0,0.5,+265.95
1.0,0.5,+266.175
1.0,0.5,+266.4
1.0,0.5,+266.625
1.0,0.5,+266.85
1.0,0.5,+267.075
1.0,0.5,+267.3
1.0,0.5,+267.525
1.0,0.5,+267.75
1.0,0.5,+267.975
1.0,0.5,+268.2
1.0,0.5,+268.425
1.0,0.5,+268.65
1.0,0.5,+268.875
1.0,0.5,+269.1
1.0,0.5,+269.325
1.0,0.5,+269.55
1.0,0.5,+269.775
1.0,0.5,+270
1.0,0.5,+270.225
1.0,0.5,+270.45
1.0,0.5,+270.675
1.0,0.5,+270.9
1.0,0.5,+271.125
1.0,0.5,+271.35
1.0,0.5,+271.575
1.0,0.5,+271.8
1.0,0.5,+272.025
1.0,0.5,+272.25
1.0,0.5,+272.475
1.0,0.5,+272.7
1.0,0.5,+272.925
1.0,0.5,+273.15
1.0,0.5,+273.375
1.0,0.5,+273.6
1.0,0.5,+273.825
1.0,0.5,+274.05
1.0,0.5,+274.275
1.0,0.5,+274.5
1.0,0.5,+274.725
1.0,0.5,+274.95
1.0,0.5,+275.175
1.0,0.5,+275.4
1.0,0.5,+275.625
1.0,0.5,+275.85
1.0,0.5,+276.075
1.0,0.5,+276.3
1.0,0.5,+276.525
1.0,0.5,+276.75
1.0,0.5,+276.975
1.0,0.5,+277.2
1.0,0.5,+277.425
1.0,0.5,+277.65
1.0,0.5,+277.875
1.0,0.5,+278.1
1.0,0.5,+278.325
1.0,0.5,+278.55
1.0,0.5,+278.775
1.0,0.5,+279
1.0,0.5,+279.225
1.0,0.5,+279.45
1.0,0.5,+279.675
1.0,0.5,+279.9
1.0,0.5,+280.125
1.0,0.5,+280.35
1.0,0.5,+280.575
1.0,0.5,+280.8
1.0,0.5,+281.025
1.0,0.5,+281.25
1.0,0.5,+281.475
1.0,0.5,+281.7
1.0,0.5,+281.925
1.0,0.5,+282.15
1.0,0.5,+282.375
1.0,0.5,+282.6
1.0,0.5,+282.825
1.0,0.5,+283.05
1.0,0.5,+283.275
1.0,0.5,+283.5
1.0,0.5,+283.725
1.0,0.5,+283.95
1.0,0.5,+284.175
1.0,0.5,+284.4
1.0,0.5,+284.625
1.0,0.5,+284.85
1.0,0.5,+285.075
1.0,0.5,+285.3
1.0,0.5,+285.525
1.0,0.5,+285.75
1.0,0.5,+285.975
1.0,0.5,+286.2
1.0,0.5,+286.425
1.0,0.5,+286.65
1.0,0.5,+286.875
1.0,0.5,+287.1
1.0,0.5,+287.325
1.0,0.5,+287.55
1.0,0.5,+287.775
1.0,0.5,+288
1.0,0.5,+288.225
1.0,0.5,+288.45
1.0,0.5,+288.675
1.0,0.5,+288.9
1.0,0.5,+289.125
1.0,0.5,+289.35
1.0,0.5,+289.575
1.0,0.5,+289.8
1.0,0.5,+290.025
1.0,0.5,+290.25
1.0,0.5,+290.475
1.0,0.5,+290.7
1.0,0.5,+290.925
1.0,0.5,+291.15
1.0,0.5,+291.375
1.0,0.5,+291.6
1.0,0.5,+291.825
1.0,0.5,+292.05
1.0,0.5,+292.275
1.0,0.5,+292.5
1.0,0.5,+292.725
1.0,0.5,+292.95
1.0,0.5,+293.175
1.0,0.5,+293.4
1.0,0.5,+293.625
1.0,0.5,+293.85
1.0,0.5,+294.075
1.0,0.5,+294.3
1.0,0.5,+294.525
1.0,0.5,+294.75
1.0,0.5,+294.975
1.0,0.5,+295.2
1.0,0.5,+295.425
1.0,0.5,+295.65
1.0,0.5,+295.875
1.0,0.5,+296.1
1.0,0.5,+296.325
1.0,0.5,+296.55
1.0,0.5,+296.775
1.0,0.5,+297
1.0,0.5,+297.225
1.0,0.5,+297.45
1.0,0.5,+297.675
1.0,0.5,+297.9
1.0,0.5,+298.125
1.0,0.5,+298.35
1.0,0.5,+298.575
1.0,0.5,+298.8
1.0,0.5,+299.025
1.0,0.5,+299.25
1.0,0.5,+299.475
1.0,0.5,+299.7
1.0,0.5,+299.925
1.0,0.5,+300.15
1.0,0.5,+300.375
1.0,0.5,+300.6
1.0,0.5,+300.825
1.0,0.5,+301.05
1.0,0.5,+301.275
1.0,0.5,+301.5
1.0,0.5,+301.725
1.0,0.5,+301.95
1.0,0.5,+302.175
1.0,0.5,+302.4
1.0,0.5,+302.625
1.0,0.5,+302.85
1.0,0.5,+303.075
1.0,0.5,+303.3
1.0,0.5,+303.525
1.0,0.5,+303.75
1.0,0.5,+303.975
1.0,0.5,+304.2
1.0,0.5,+304.425
1.0,0.5,+304.65
1.0,0.5,+304.875
1.0,0.5,+305.1
1.0,0.5,+305.325
1.0,0.5,+305.55
1.0,0.5,+305.775
1.0,0.5,+306
1.0,0.5,+306.225
1.0,0.5,+306.45
1.0,0.5,+306.675
1.0,0.5,+306.9
1.0,0.5,+307.125
1.0,0.5,+307.35
1.0,0.5,+307.575
1.0,0.5,+307.8
1.0,0.5,+308.025
1.0,0.5,+308.25
1.0,0.5,+308.475
1.0,0.5,+308.7
1.0,0.5,+308.925
1.0,0.5,+309.15
1.0,0.5,+309.375
1.0,0.5,+309.6
1.0,0.5,+309.825
1.0,0.5,+310.05
1.0,0.5,+310.275
1.0,0.5,+310.5
1.0,0.5,+310.725
1.0,0.5,+310.95
1.0,0.5,+311.175
1.0,0.5,+311.4
1.0,0.5,+311.625
1.0,0.5,+311.85
1.0,0.5,+312.075
1.0,0.5,+312.3
1.0,0.5,+312.525
1.0,0.5,+312.75
1.0,0.5,+312.975
1.0,0.5,+313.2
1.0,0.5,+313.425
1.0,0.5,+313.65
1.0,0.5,+313.875
1.0,0.5,+314.1
1.0,0.5,+314.325
1.0,0.5,+314.55
1.0,0.5,+314.775
1.0,0.5,+315
1.0,0.5,+315.225
1.0,0.5,+315.45
1.0,0.5,+315.675
1.0,0.5,+315.9
1.0,0.5,+316.125
1.0,0.5,+316.35
1.0,0.5,+316.575
1.0,0.5,+316.8
1.0,0.5,+317.025
1.0,0.5,+317.25
1.0,0.5,+317.475
1.0,0.5,+317.7
1.0,0.5,+317.925
1.0,0.5,+318.15
1.0,0.5,+318.375
1.0,0.5,+318.6
1.0,0.5,+318.825
1.0,0.5,+319.05
1.0,0.5,+319.275
1.0,0.5,+319.5
1.0,0.5,+319.725
1.0,0.5,+319.95
1.0,0.5,+320.175
1.0,0.5,+320.4
1.0,0.5,+320.625
1.0,0.5,+320.85
1.0,0.5,+321.075
1.0,0.5,+321.3
1.0,0.5,+321.525
1.0,0.5,+321.75
1.0,0.5,+321.975
1.0,0.5,+322.2
1.0,0.5,+322.425
1.0,0.5,+322.65
1.0,0.5,+322.875
1.0,0.5,+323.1
1.0,0.5,+323.325
1.0,0.5,+323.55
1.0,0.5,+323.775
1.0,0.5,+324
1.0,0.5,+324.225
1.0,0.5,+324.45
1.0,0.5,+324.675
1.0,0.5,+324.9
1.0,0.5,+325.125
1.0,0.5,+325.35
1.0,0.5,+325.575
1.0,0.5,+325.8
1.0,0.5,+326.025
1.0,0.5,+326.25
1.0,0.5,+326.475
1.0,0.5,+326.7
1.0,0.5,+326.925
1.0,0.5,+327.15
1.0,0.5,+327.375
1.0,0.5,+327.6
1.0,0.5,+327.825
1.0,0.5,+328.05
1.0,0.5,+328.275
1.0,0.5,+328.5
1.0,0.5,+328.725
1.0,0.5,+328.95
1.0,0.5,+329.175
1.0,0.5,+329.4
1.0,0.5,+329.625
1.0,0.5,+329.85
1.0,0.5,+330.075
1.0,0.5,+330.3
1.0,0.5,+330.525
1.0,0.5,+330.75
1.0,0.5,+330.975
1.0,0.5,+331.2
1.0,0.5,+331.425
1.0,0.5,+331.65
1.0,0.5,+331.875
1.0,0.5,+332.1
1.0,0.5,+332.325
1.0,0.5,+332.55
1.0,0.5,+332.775
1.0,0.5,+333
1.0,0.5,+333.225
1.0,0.5,+333.45
1.0,0.5,+333.675
1.0,0.5,+333.9
1.0,0.5,+334.125
1.0,0.5,+334.35
1.0,0.5,+334.575
1.0,0.5,+334.8
1.0,0.5,+335.025
1.0,0.5,+335.25
1.0,0.5,+335.475
1.0,0.5,+335.7
1.0,0.5,+335.925
1.0,0.5,+336.15
1.0,0.5,+336.375
1.0,0.5,+336.6
1.0,0.5,+336.825
1.0,0.5,+337.05
1.0,0.5,+337.275
1.0,0.5,+337.5
1.0,0.5,+337.725
1.0,0.5,+337.95
1.0,0.5,+338.175
1.0,0.5,+338.4
1.0,0.5,+338.625
1.0,0.5,+338.85
1.0,0.5,+339.075
1.0,0.5,+339.3
1.0,0.5,+339.525
1.0,0.5,+339.75
1.0,0.5,+339.975
1.0,0.5,+340.2
1.0,0.5,+340.425
1.0,0.5,+340.65
1.0,0.5,+340.875
1.0,0.5,+341.1
1.0,0.5,+341.325
1.0,0.5,+341.55
1.0,0.5,+341.775
1.0,0.5,+342
1.0,0.5,+342.225
1.0,0.5,+342.45
1.0,0.5,+342.675
1.0,0.5,+342.9
1.0,0.5,+343.125
1.0,0.5,+343.35
1.0,0.5,+343.575
1.0,0.5,+343.8
1.0,0.5,+344.025
1.0,0.5,+344.25
1.0,0.5,+344.475
1.0,0.5,+344.7
1.0,0.5,+344.925
1.0,0.5,+345.15
1.0,0.5,+345.375
1.0,0.5,+345.6
1.0,0.5,+345.825
1.0,0.5,+346.05
1.0,0.5,+346.275
1.0,0.5,+346.5
1.0,0.5,+346.725
1.0,0.5,+346.95
1.0,0.5,+347.175
1.0,0.5,+347.4
1.0,0.5,+347.625
1.0,0.5,+347.85
1.0,0.5,+348.075
1.0,0.5,+348.3
1.0,0.5,+348.525
1.0,0.5,+348.75
1.0,0.5,+348.975
1.0,0.5,+349.2
1.0,0.5,+349.425
1.0,0.5,+349.65
1.0,0.5,+349.875
1.0,0.5,+350.1
1.0,0.5,+350.325
1.0,0.5,+350.55
1.0,0.5,+350.775
1.0,0.5,+351
1.0,0.5,+351.225
1.0,0.5,+351.45
1.0,0.5,+351.675
1.0,0.5,+351.9
1.0,0.5,+352.125
1.0,0.5,+352.35
1.0,0.5,+352.575
1.0,0.5,+352.8
1.0,0.5,+353.025
1.0,0.5,+353.25
1.0,0.5,+353.475
1.0,0.5,+353.7
1.0,0.5,+353.925
1.0,0.5,+354.15
1.0,0.5,+354.375
1.0,0.5,+354.6
1.0,0.5,+354.825
1.0,0.5,+355.05
1.0,0.5,+355.275
1.0,0.5,+355.5
1.0,0.5,+355.725
1.0,0.5,+355.95
1.0,0.5,+356.175
1.0,0.5,+356.4
1.0,0.5,+356.625
1.0,0.5,+356.85
1.0,0.5,+357.075
1.0,0.5,+357.3
1.0,0.5,+357.525
1.0,0.5,+357.75
1.0,0.5,+357.975
1.0,0.5,+358.2
1.0,0.5,+358.425
1.0,0.5,+358.65
1.0,0.5,+358.875
1.0,0.5,+359.1
1.0,0.5,+359.325
1.0,0.5,+359.55
1.0,0.5,+359.775
